https://drive.google.com/file/d/1AAQxDhQBy2tY01ra5YrJ32r9OXHSxCVr/view


9789021930787
9780333792971
9780746015018
9781878060075
9781855214323
9780297773061
9789364524056
9780812095333
9780571533725
9780407004283
9780333257241
9780201846010
9780890067079
9780801602580
9780738200491
9781632384867
9780750220545
9781682862384
9780304335817
9781641161169
9783540191100
9781780897653
9781682854075
9780060444372
9789384207120
9789383137893
9780717615377
9780440419778
9780471163954
9788174366122
9780722539866
9780912006741
9789810234102
9788125035060
9783642028236
9780397518371
9780718186654
9780143065586
9781529123821
9781447317258
9781639899920
9780824781828
9780955181658
9781840241129
9780808030478
9780552564809
9783540008644
9780841207134
9780340576021
9789289010450
9780415303309
9788183293051
9783540193142
9780838577271
9780313336546
9780091953911
9788131707746
9781108473705
9780263801484
9781933864631
9780263283648
9780824707675
9789383137961
9789359410050
9781780220970
9780422765909
9780728202511
9780409901504
9789380712673
9783631628324
9780857204974
9780340727621
9789360236106
9788184004618
9780747401513
9780143028444
9780099439899
9780879695156
9789381593264
9781847249678
9781848350892
9781860460814
9781566430647
9781854348777
9780387297965
9780521180542
9780263868814
9780415419185
9781979017511
9781632417190
9780815172406
9781639879212
9780072369106
9780072126686
9780134598840
9788186939000
9789387328754
9781789090949
9789356289864
9780205133444
9780340819869
9780801434334
9780263936407
9780060872359
9780340713112
9780727703927
9780857389343
9780721660097
9781789290080
9789382616917
9780887303265
9781838521073
9780007195343
9780552146050
9781259011313
9781682869703
9780443089749
9780415123174
9780007382224
9781787720558
9781445475820
9780340756249
9781849832359
9781898563273
9781849411110
9781405279598
9788176496599
9780857203557
9780712612265
9780395510391
9780866222556
9780715125380
9781510102132
9780521322829
9780099574095
9780340837269
9781780527642
9780746057711
9780671017927
9781846057069
9789057022616
9781852330088
9780444879172
9780263806120
9780387951003
9780884153979
9780791800188
9781409103639
9781398704770
9789381348611
9780747265412
9781850913481
9780397445851
9780330418232
9789810225117
9789350532225
9781852520540
9789810226107
9780755328567
9789386582133
9780387256344
9788174454614
9780304313730
9780749931803
9780412642708
9780007361595
9780133345599
9780397546633
9780750658096
9780792330059
9783540534990
9780852969014
9780387308319
9780752879550
9789359411385
9788131720936
9781647266578
9789359019567
9780415853156
9780273600398
9781108427135
9781783269372
9780750623742
9780130342508
9780746097649
9789041196477
9781859960769
9788131510162
9780316695343
9788182522893
9780830624546
9780749952761
9781407238371
9781591582595
9781800322080
9781852522513
9781409135890
9781447226826
9781780877846
9781840641110
9781402043024
9781563750045
9780201406825
9780878490691
9780199467068
9780330439091
9780330545266
9780006510314
9780007219704
9780070634244
9780781729871
9780140278941
9780199928187
9780852988688
9780201308648
9780821344613
9780891349327
9780444996701
9780536001849
9780786885008
9780124387454
9780750641784
9780064470636
9781899066230
9789311122564
9788186340615
9789385077401
9788129708090
9789351472650
9788131204191
9788183601030
9789392030710
9780434014613
9780397514694
9780198061090
9780816904600
9780789719577
9780198089131
9780902818637
9780387986944
9780070840485
9783540153535
9788184732221
9789810717995
9780273641971
9783421042149
9780071229791
9780120026500
9788197036132
9780596006587
9780080447216
9780471428848
9788185984131
9780120884643
9788126557585
9780124932906
9789380502298
9780778301172
9780552178143
9789389958904
9788184734003
9780141015538
9781910836132
9789332570283
9780751339956
9780130216045
9780713145748
9780335100811
9780135825372
9780749913984
9780874349085
9781906021702
9780781702621
9780815127765
9780863187407
9780435150945
9788178842349
9783181418130
9780851127514
9780750639538
9781919728490
9789351067658
9789535118213
9798888497487
9789358186604
9780721656694
9780721479217
9780070545281
9781644292501
9780256019070
9780815140412
9780747269168
9781878707970
9788171580194
9798887495446"
9781840648416
9788178848273
9780394425863
9789390619733
9781781955857
9788176257664
9780262025034
9789388536073
9789351111382
9781902653501
9789390619733"
9789386478184
9788123923727
9780824792862"
9780521180443
9780824718343
9788119936250
9780673381941
9780023545412
9780071120265
9781639409204
9789390912391
9781681174303
9781681174082
9781576103753
9780077079505
9780080362670
9780080379463
9780091850470
9780099728917
9780120286096
9789356282940
9780552146067
9781848102903
9783775735698
9781574770056
9780747261537
9780201433210
9781588297150
9780024053312
9780201604597
9788184501896
9780582298200
9780070026599
9780835953887
9780043210277
9781908261069
9789394290983
9783540547495
9780408001755
9781620930113
9788189983888
9780099363811
9789392918704
9780024215147
9780333636671
9780470694787
9780340745823
9780755330676
9780136352280
9780134651217
9780722150979
9780776604824
9780330307260
9780132556965
9780853125693
9780122992315
9780312204877
9781405471985
9781904946113
9780878493869
9780241002803
9781742610405
9780007489503
9780831130596
9781632428660
9780844816746
9780824768294
9781841460512
9781847973160
9780735605374
9781852279851
9780600610311
9780752533896
9798181890053
9780683306149
9780517571187
9781454912194
9780851869469
9781843170914
9783540761655
9780571339075
9789364525930
9783540698272
9789356114838
9789814313926
9781850581482
9780755337514
9789811200830
9788194970750
9789352643325
9780138451400
9780140170641
9780786890996
9780863773228
9780821336861
MUSSP-PSCAN
9780071289221
9780815111290
9780863185076
9780871796288
9781121914063
9781639879526
9781680951011
9781856494779
9781904671022
9781984635273
9788119677092
9788126129775
9788126162451
9788126566495
9788171412136
9788171414352
9788183761024
9789354872594
9789354876820
9789362242648
9789535125426

JAGSP-PSCAN
9781647603700
9781845457532
9781938076473
9789353440299
9789354202841
9780008484859
9780263298581
9780721672250
9780751555912
9781407133126
